
  No    Ref    V       B-V     U-B

 0001    17  17.664   0.511         
 0005    17  20.079   0.827         
 0007    17  15.934   0.644         
 0009    17  15.771   0.800         
 0013    17  16.767   1.036         
 0015    17  17.406   0.904         
 0017    17  19.821   0.737         
 0018    17  18.166   0.607         
 0020    17  18.731   0.666         
 0021    17  13.198   1.128         
 0022    17  14.851   0.635         
 0024    17  19.310   0.652         
 0025    17  18.854   1.496         
 0026    17  19.045   0.607         
 0027    17  18.647   0.656         
 0028    17  17.466   0.764         
 0030    17  18.881   0.639         
 0031    17  17.062   0.652         
 0032    17  18.025   0.603         
 0034    17  17.027   1.115         
 0035    17  18.612   0.574         
 0036    17  17.958   0.628         
 0037    17  18.667   0.632         
 0037   528  18.613   0.727   0.052
 0038    17  19.832   1.141         
 0039    17  16.087   0.683         
 0040    17  18.229   0.655         
 0041    17  19.396   0.869         
 0042    17  17.953   0.577         
 0044    17  19.974   0.755         
 0045    17  19.304   0.619         
 0046    17  20.329   0.940         
 0047    17  19.496   0.740         
 0047   528  19.475   0.751   0.190
 0048    17  19.451   0.876         
 0049    17  18.658   1.078         
 0050    17  19.087   0.718         
 0050   528  18.998   0.712   0.090
 0051    17  17.498   0.594         
 0053    17  19.760   0.961         
 0053   528  19.764   0.792   0.351
 0054    17  19.588   0.922         
 0055    17  19.268   0.674         
 0055   528  19.326   0.593   0.067
 0056    17  18.010   0.588         
 0056   528  17.942   0.608   0.063
 0057    17  18.364   0.664         
 0057   528  18.355   0.641   0.035
 0058    17  18.153   0.642         
 0059    17  19.029   0.695         
 0059   528  18.949   0.761   0.102
 0060    17  18.426   0.615         
 0060   528  18.398   0.622   0.074
 0061    17  19.882   1.319         
 0062    17  19.499   0.741         
 0063    17  19.725   0.869         
 0065    17  19.745   0.747         
 0065   528  19.682   0.821   0.199
 0066    17  19.044   0.693         
 0066   528  19.062   0.764   0.103
 0067    17  20.062   0.916         
 0068    17  12.900   1.128         
 0069    17  20.111   0.564         
 0069   528  19.869   0.737   0.007
 0070    17  19.914   0.823         
 0070   528  19.845   0.673   0.104
 0071    17  19.154   0.815         
 0072    17  13.640   1.017         
 0073    17  17.404   0.978         
 0073   528  17.370   0.985   0.616
 0074    17  18.784   0.817         
 0074    17  18.789   0.697         
 0074   528  18.861   0.718   0.140
 0075    17  19.196   0.765         
 0076    17  16.425   1.014         
 0076   528  16.449   0.973   0.759
 0077    17  15.362   1.173         
 0077   528  15.421   1.094   0.902
 0078    17  19.508   0.879         
 0079    17  15.626   0.769         
 0081    17  17.736   0.634         
 0081   528  17.720   0.630   0.093
 0083    17  16.463   0.674         
 0083   528  16.435   0.711   0.113
 0084    17  20.115   0.831         
 0084   528  20.010   0.818   0.427
 0085    17  20.058   0.600         
 0086    17  18.435   0.607         
 0086   528  18.424   0.657   0.029
 0087    17  19.151   0.670         
 0087   528  19.063   0.803   0.060
 0088    17  16.843   0.438         
 0089    17  15.627   0.833         
 0089   528  15.683   0.787   0.324
 0090    17  19.154   0.675         
 0090   528  19.117   0.695   0.107
 0091    17  19.327   0.693         
 0091   528  19.259   0.759   0.158
 0092    17  19.186   0.884         
 0092   528  19.153   0.877   0.263
 0093    17  19.241   1.526         
 0094    17  17.976   0.819         
 0094   528  17.949   0.792   0.327
 0095    17  17.406   0.615         
 0095   528  17.410   0.565   0.099
 0096    17  19.324   0.574         
 0097    17  18.756   0.646         
 0097   528  18.738   0.612   0.110
 0098    17  17.286   0.651         
 0098   528  17.322   0.633   0.153
 0099    17  18.986   0.658         
 0099   528  18.986   0.688   0.100
 0100    17  19.924   0.642         
 0101    17  17.974   0.826         
 0101   528  18.013   0.757   0.174
 0102    17  19.504   0.880         
 0102   528  19.534   0.764   0.241
 0103    17  15.301   1.175         
 0104    17  17.385   0.656         
 0104   528  17.419   0.612   0.040
 0105    17  19.052   1.195         
 0105   528  19.088   1.081   0.818
 0106    17  19.994   0.733         
 0106   528  19.964   0.838   0.312
 0107    17  18.765   0.704         
 0107   528  18.779   0.675   0.062
 0108    17  18.215   0.621         
 0108   528  18.197   0.569   0.056
 0110    17  17.383   0.634         
 0110   528  17.388   0.638   0.102
 0111    17  19.948   0.623         
 0112    17  19.128   0.817         
 0112   528  19.138   0.781   0.123
 0113    17  20.190   0.710         
 0116    17  18.478   0.659         
 0116   528  18.451   0.699   0.054
 0118    17  18.222   0.620         
 0118   528  18.173   0.673   0.063
 0119    17  19.364   0.756         
 0119   528  19.376   0.790   0.123
 0120    17  19.471   0.951         
 0120   528  19.600   0.828   0.124
 0121    17  19.141   0.705         
 0121   528  19.095   0.767   0.080
 0122    17  18.703   0.726         
 0122   528  18.737   0.648   0.078
 0123    17  19.884   0.800         
 0123   528  19.905   0.779   0.399
 0124    17  19.960   1.107         
 0124   528  20.003   0.827   0.240
 0125    17  18.140   0.612         
 0125   528  18.136   0.620   0.044
 0126    17  17.750   0.568         
 0126   528  17.699   0.625   0.070
 0127    17  18.402   0.673         
 0127   528  18.325   0.773   0.159
 0128    17  18.141   0.647         
 0128   528  18.123   0.578   0.037
 0129    17  18.610   0.644         
 0129   528  18.611   0.609   0.033
 0130    17  17.272   0.506         
 0130   528  17.179   0.622   0.074
 0131    17  16.739   0.693         
 0131   528  16.768   0.684   0.160
 0132    17  16.966   0.662         
 0132   528  17.005   0.633   0.122
 0133    17  17.207   0.795         
 0134    17  19.122   1.150         
 0134   528  19.112   1.087   0.884
 0135    17  19.749   0.984         
 0136    17  17.465   0.627         
 0136   528  17.477   0.598   0.093
 0138    17  18.378   1.354         
 0138   528  18.390   1.265   1.308
 0139    17  19.788   0.872         
 0139   528  19.750   0.815   0.174
 0140    17  16.934   0.347         
 0140   528  16.904   0.370   0.202
 0143    17  19.880   1.047         
 0144    17  14.916   1.227         
 0144   528  14.964   1.144   1.063
 0145    17  19.150   0.792         
 0145   528  19.092   0.783   0.103
 0146    17  17.323   0.862         
 0146   528  17.363   0.793   0.290
 0147    17  19.136   0.918         
 0147   528  19.105   0.885   0.331
 0148    17  17.424   0.638         
 0148   528  17.414   0.629   0.097
 0149    17  17.124   0.722         
 0149   528  17.132   0.737   0.164
 0150    17  18.298   0.722         
 0150   528  18.331   0.627   0.047
 0151    17  19.344   0.837         
 0151   528  19.400   0.792   0.170
 0152    17  18.326   0.643         
 0152   528  18.345   0.602   0.089
 0153    17  20.272   0.564         
 0154    17  17.438   0.568         
 0154   528  17.441   0.554   0.046
 0155    17  17.149   0.659         
 0156    17  18.291   0.611         
 0156   528  18.222   0.670   0.071
 0157    17  20.013   0.627         
 0157   528  19.973   0.669  -0.053
 0158    17  18.917   0.717         
 0158   528  18.826   0.722   0.092
 0159    17  17.710   0.625         
 0159   528  17.696   0.594   0.086
 0160    17  18.828   1.439         
 0161    17  19.152   0.683         
 0161   528  19.066   0.699   0.135
 0162    17  18.888   0.716         
 0162   528  18.866   0.637   0.074
 0163    17  18.059   0.646         
 0163   528  18.034   0.624   0.069
 0164    17  18.155   0.686         
 0164   528  18.090   0.714   0.102
 0165    17  19.845   0.765         
 0166    17  20.030   1.164         
 0167    17  17.943   0.564         
 0167   528  17.855   0.653   0.061
 0168    17  16.848   0.756         
 0168   528  16.863   0.711   0.219
 0169    17  18.330   0.627         
 0169   528  18.298   0.637   0.092
 0170    17  14.930   0.729         
 0172    17  18.674   0.636         
 0172   528  18.709   0.611   0.082
 0173    17  17.492   0.927         
 0173   528  17.466   0.946   0.451
 0174    17  18.519   0.670         
 0174   528  18.560   0.692   0.109
 0175    17  18.165   0.694         
 0175   528  18.160   0.648   0.109
 0176    17  18.015   1.359         
 0176   528  18.030   1.276   1.244
 0178    17  19.572   0.799         
 0178   528  19.621   0.747   0.251
 0179    17  17.556   0.561         
 0179   528  17.496   0.642   0.099
 0180    17  20.241   0.861         
 0180   528  20.174   0.914   0.300
 0181    17  19.119   0.734         
 0181   528  19.063   0.722   0.085
 0182    17  17.437   0.935         
 0182   528  17.453   0.898   0.450
 0183    17  19.374   0.755         
 0183   528  19.407   0.722   0.138
 0184    17  19.957   0.736         
 0184   528  19.967   0.786   0.253
 0185    17  18.315   0.686         
 0185   528  18.359   0.627   0.040
 0186    17  17.375   0.845         
 0186   528  17.386   0.831   0.297
 0187    17  18.579   0.795         
 0187   528  18.468   0.755   0.254
 0188    17  19.958   0.853         
 0190    17  16.005   0.269         
 0190   528  16.009   0.250   0.145
 0191    17  18.133   0.628         
 0191   528  18.131   0.615   0.075
 0192    17  20.197   0.652         
 0192   528  20.123   0.849   0.380
 0194    17  17.556   0.566         
 0194   528  17.489   0.635   0.072
 0196    17  19.927   1.115         
 0196   528  19.957   0.881   0.261
 0198    17  18.389   0.588         
 0198   528  18.355   0.630   0.097
 0199    17  18.074   0.581         
 0199   528  18.008   0.642   0.109
 0200    17  13.281   1.168         
 0201    17  18.463   0.612         
 0201   528  18.433   0.643   0.060
 0202    17  19.407   0.815         
 0202   528  19.342   0.804   0.192
 0203    17  18.624   0.818         
 0203   528  18.574   0.791   0.182
 0204    17  17.404   0.473         
 0204   528  17.316   0.557   0.061
 0206    17  17.493   0.911         
 0206    17  17.504   0.613         
 0206   528  17.590   0.580   0.083
 0208    17  18.080   0.634         
 0208   528  18.050   0.631   0.049
 0209    17  18.150   0.671         
 0209   528  18.127   0.642   0.087
 0210    17  18.921   0.860         
 0210   528  18.912   0.793   0.190
 0211    17  17.351   0.538         
 0211   528  17.320   0.600   0.104
 0212    17  17.645   0.751         
 0212   528  17.784   0.663   0.159
 0213    17  20.005   0.787         
 0214    17  19.503   0.992         
 0214   528  19.551   0.842   0.204
 0215    17  17.884   0.691         
 0215   528  17.893   0.685   0.092
 0216    17  18.225   0.683         
 0216   528  18.193   0.645   0.029
 0217    17  19.023   0.691         
 0217   528  18.975   0.698   0.074
 0218    17  17.487   0.613         
 0218   528  17.460   0.613   0.087
 0219    17  18.777   0.685         
 0219   528  18.796   0.674   0.098
 0220    17  17.368   0.911         
 0220   528  17.337   0.950   0.520
 0221    17  17.616   0.636         
 0221   528  17.580   0.670   0.104
 0222    17  19.471   0.892         
 0222   528  19.539   0.847   0.233
 0223    17  18.049   0.654         
 0223   528  17.992   0.661   0.086
 0224    17  20.337   0.744         
 0225    17  18.473   0.636         
 0225   528  18.376   0.673   0.066
 0227    17  19.007   1.399         
 0227   528  18.961   1.221   1.181
 0228    17  19.267   0.788         
 0228   528  19.320   0.665   0.140
 0229    17  19.762   1.055         
 0229   528  19.771   0.893   0.351
 0230    17  18.944   0.677         
 0230   528  18.905   0.768   0.067
 0231    17  19.002   0.714         
 0231   528  19.086   0.633   0.127
 0232    17  18.717   0.695         
 0232   528  18.666   0.717   0.091
 0233    17  19.837   1.196         
 0234    17  18.576   0.749         
 0234    17  18.586   0.479         
 0234   528  18.571   0.730   0.145
 0235    17  19.485   0.873         
 0236    17  19.012   0.814         
 0236   528  18.975   0.769   0.226
 0237    17  19.143   0.705         
 0237   528  19.042   0.692   0.159
 0238    17  19.620   0.745         
 0238   528  19.600   0.799   0.116
 0239    17  20.119   0.632         
 0241    17  17.074   0.664         
 0241   528  17.152   0.618   0.094
 0243    17  17.021   0.967         
 0243   528  16.991   0.980   0.578
 0244    17  18.911   0.782         
 0244   528  18.939   0.763   0.219
 0245    17  15.944   0.204         
 0245   528  15.819   0.366   0.250
 0246    17  19.616   0.745         
 0246   528  19.532   0.821   0.220
 0247    17  19.046   0.791         
 0247   528  18.995   0.724   0.097
 0248    17  19.549   0.734         
 0248   528  19.559   0.847   0.285
 0250    17  19.078   0.639         
 0250   528  18.992   0.738   0.224
 0251    17  18.544   0.737         
 0252    17  17.213   0.744         
 0252   528  17.162   0.768   0.185
 0254    17  18.794   0.861         
 0254   528  18.738   0.854   0.135
 0255    17  20.081   0.907         
 0257    17  17.382   0.689         
 0257   528  17.330   0.647   0.148
 0258    17  19.330   0.706         
 0258   528  19.267   0.749   0.227
 0259    17  19.080   0.636         
 0259   528  19.075   0.674   0.122
 0261    17  16.238   1.072         
 0261   528  16.308   0.972   0.672
 0262    17  17.450   0.915         
 0262   528  17.493   0.911   0.408
 0263    17  18.083   0.663         
 0263   528  18.133   0.575   0.094
 0264    17  17.039   0.774         
 0264   528  17.015   0.769   0.224
 0265    17  19.815   1.141         
 0266    17  17.972   0.603         
 0266   528  17.900   0.685   0.100
 0267    17  17.826   0.660         
 0267   528  17.812   0.607   0.067
 0268    17  20.178   0.729         
 0270    17  19.858   0.829         
 0270   528  19.778   0.893   0.275
 0271    17  19.392   1.550         
 0272    17  19.539   0.830         
 0272   528  19.593   0.690   0.199
 0273    17  19.044   0.639         
 0273   528  18.922   0.736   0.140
 0275    17  19.119   0.753         
 0275   528  19.088   0.735   0.134
 0276    17  18.535   0.611         
 0276   528  18.475   0.658   0.093
 0277    17  19.444   0.853         
 0277   528  19.522   0.725   0.129
 0278    17  18.403   0.736         
 0278   528  18.434   0.711   0.112
 0279    17  16.506   0.582         
 0279   528  16.509   0.587   0.124
 0280    17  17.397   0.679         
 0280   528  17.363   0.655   0.117
 0281    17  17.613   0.572         
 0281   528  17.549   0.618   0.115
 0282    17  14.632   1.266         
 0282   528  14.630   1.257   1.194
 0283    17  18.607   0.682         
 0283   528  18.611   0.701   0.126
 0284    17  20.319   0.706         
 0285    17  17.706   1.651         
 0285   528  17.813   1.459   1.366
 0286    17  17.306   0.581         
 0286   528  17.303   0.593   0.085
 0287    17  17.393   0.523         
 0287   528  17.444   0.626   0.059
 0288    17  15.049   0.627         
 0288   528  15.018   0.653   0.104
 0289    17  17.931   0.611         
 0289   528  17.913   0.654   0.151
 0290    17  18.420   0.706         
 0290   528  18.376   0.708   0.121
 0292    17  14.859   0.578         
 0292   528  14.804   0.610   0.099
 0293    17  17.255   0.726         
 0293   528  17.201   0.675   0.098
 0294    17  17.246   0.678         
 0294   528  17.225   0.704   0.148
 0295    17  15.913   0.286         
 0295   528  15.846   0.373   0.194
 0296    17  17.512   0.612         
 0296   528  17.551   0.587   0.095
 0297    17  17.757   0.651         
 0297   528  17.724   0.662   0.136
 0298    17  18.585   0.722         
 0298   528  18.564   0.688   0.096
 0299    17  18.098   0.697         
 0299   528  18.174   0.583   0.100
 0300    17  17.799   0.681         
 0300   528  17.844   0.579   0.116
 0302    17  16.909   0.846         
 0302   528  17.018   0.689   0.119
 0303    17  19.891   0.823         
 0303   528  19.806   0.992   0.299
 0304    17  17.360   0.949         
 0304   528  17.314   0.949   0.567
 0305    17  19.524   0.848         
 0305   528  19.462   0.889   0.366
 0306    17  19.218   0.784         
 0306   528  19.213   0.910   0.371
 0307    17  18.002   0.489         
 0307   528  17.995   0.677   0.135
 0308    17  17.957   0.601         
 0308   528  17.856   0.677   0.123
 0309    17  17.770   0.599         
 0310    17  17.588   0.970         
 0311    17  18.466   0.772         
 0311   528  18.513   0.757   0.157
 0312    17  15.285   0.892         
 0312   528  15.266   0.886   0.568
 0313    17  17.670   0.601         
 0313   528  17.583   0.677   0.072
 0314    17  18.635   0.722         
 0314   528  18.601   0.740   0.095
 0315    17  19.290   0.799         
 0315   528  19.260   0.750   0.151
 0316    17  17.078   0.677         
 0316   528  17.053   0.712   0.119
 0317    17  16.639   0.615         
 0317   528  16.568   0.654   0.125
 0318    17  17.128   0.518         
 0318   528  17.067   0.560   0.101
 0319    17  19.233   0.799         
 0319   528  19.169   0.773   0.233
 0320    17  19.716   0.982         
 0320   528  19.623   0.961   0.617
 0321    17  18.783   0.717         
 0321   528  18.711   0.754   0.148
 0322    17  17.195   0.677         
 0322   528  17.174   0.692   0.062
 0323    17  17.651   0.585         
 0323   528  17.641   0.641   0.129
 0325    17  18.773   0.604         
 0325   528  18.725   0.661   0.044
 0326    17  17.952   0.658         
 0326   528  17.897   0.694   0.128
 0327    17  18.281   0.627         
 0327   528  18.164   0.674   0.112
 0328    17  18.148   0.876         
 0328   528  18.131   0.945   0.470
 0331    17  18.998   0.722         
 0331   528  18.930   0.718   0.095
 0332    17  17.180   0.615         
 0332   528  17.128   0.618   0.114
 0333    17  18.927   0.769         
 0333   528  18.878   0.738   0.112
 0334    17  19.483   0.597         
 0334   528  19.420   0.842   0.150
 0335    17  15.733   0.430         
 0335   528  15.690   0.486   0.280
 0336    17  17.189   0.677         
 0336   528  17.110   0.699   0.176
 0337    17  17.315   0.603         
 0337   528  17.260   0.652   0.137
 0338    17  18.016   1.146         
 0338   528  18.267   0.677   0.108
 0339    17  18.670   0.717         
 0339   528  18.578   0.678   0.095
 0340    17  17.462   0.946         
 0340   528  17.470   0.951   0.479
 0341    17  17.376   0.621         
 0341   528  17.355   0.633   0.121
 0342    17  18.070   0.640         
 0342   528  17.992   0.675   0.158
 0343    17  18.379   0.772         
 0343   528  18.400   0.663   0.138
 0344    17  18.252   0.613         
 0344   528  18.225   0.676   0.084
 0345    17  18.322   0.635         
 0345   528  18.266   0.661   0.066
 0346    17  16.015   1.093         
 0346   528  15.979   1.082   0.805
 0350    17  18.358   1.059         
 0350   528  18.390   0.964   0.641
 0351    17  17.612   0.635         
 0351   528  17.542   0.693   0.080
 0352    17  19.445   0.772         
 0352   528  19.429   0.731   0.155
 0353    17  17.379   0.639         
 0353   528  17.352   0.650   0.129
 0354    17  17.796   0.573         
 0354   528  17.747   0.669   0.094
 0355    17  19.621   0.870         
 0355   528  19.772   0.738   0.158
 0356    17  18.046   0.586         
 0356   528  17.979   0.676   0.109
 0357    17  18.543   1.627         
 0358    17  16.310   0.504         
 0358   528  16.307   0.528   0.202
 0359    17  19.877   0.691         
 0359   528  19.846   0.864   0.295
 0360    17  19.861   0.838         
 0360   528  19.829   0.783   0.265
 0363    17  19.735   0.920         
 0363   528  19.714   0.890   0.229
 0364    17  18.858   0.798         
 0364   528  18.827   0.731   0.146
 0365    17  19.422   0.849         
 0365   528  19.294   0.885   0.282
 0368    17  17.741   0.609         
 0368   528  17.663   0.645   0.132
 0370    17  17.651   0.677         
 0370   528  17.591   0.705   0.152
 0371    17  18.361   1.083         
 0371   528  18.618   0.813   0.182
 0372    17  17.364   0.652         
 0372   528  17.317   0.635   0.167
 0373    17  19.903   1.047         
 0373   528  19.830   1.055   0.685
 0374    17  18.436   0.683         
 0374   528  18.370   0.739   0.081
 0375    17  16.721   0.651         
 0375   528  16.729   0.647   0.127
 0376    17  18.040   0.683         
 0376   528  17.969   0.663   0.108
 0379    17  20.446   0.607         
 0380    17  17.986   0.994         
 0380   528  17.916   0.953   0.438
 0381    17  17.884   0.647         
 0381   528  17.830   0.645   0.110
 0382    17  17.862   0.569         
 0382   528  17.769   0.708   0.120
 0383    17  20.213   0.460         
 0383   528  19.928   0.853   0.268
 0386    17  19.178   0.526         
 0387    17  17.987   0.608         
 0387   528  17.872   0.670   0.099
 0388    17  18.538   0.704         
 0388   528  18.509   0.663   0.087
 0390    17  19.818   0.827         
 0390   528  19.728   0.882   0.271
 0391    17  17.988   0.667         
 0391   528  17.956   0.695   0.021
 0392    17  19.118   0.838         
 0392   528  19.142   0.790   0.259
 0393    17  18.068   0.652         
 0393   528  18.033   0.694   0.070
 0394    17  18.403   0.743         
 0394   528  18.294   0.754   0.162
 0395    17  17.829   0.658         
 0395   528  17.745   0.742   0.117
 0396    17  18.479   0.651         
 0396   528  18.410   0.724   0.056
 0398    17  19.494   0.739         
 0398    17  19.494   0.751         
 0398   528  19.370   0.791   0.217
 0399    17  19.691   0.924         
 0399   528  19.509   0.880   0.434
 0400    17  15.795   1.075         
 0400   528  15.917   1.012   0.745
 0402    17  18.893   1.502         
 0403    17  18.445   0.704         
 0403   528  18.351   0.729   0.144
 0404    17  17.320   0.664         
 0405    17  19.368   0.724         
 0405   528  19.223   0.764   0.160
 0406    17  19.563   0.660         
 0406   528  19.509   0.904   0.221
 0407    17  17.356   0.467         
 0407   528  17.295   0.509   0.144
 0408    17  17.280   0.792         
 0408   528  17.263   0.799   0.285
 0409    17  17.666   0.639         
 0409   528  17.608   0.667   0.140
 0411    17  19.797   0.905         
 0411   528  19.715   0.838   0.261
 0412    17  18.688   0.709         
 0412   528  18.650   0.742   0.104
 0413    17  19.818   0.958         
 0413    17  19.840   0.345         
 0413   528  19.843   0.852   0.381
 0414    17  19.418   0.800         
 0414   528  19.330   0.783   0.233
 0415    17  16.974   0.367         
 0415   528  16.901   0.413   0.236
 0416    17  18.666   0.763         
 0416   528  18.618   0.737   0.147
 0417    17  20.161   0.794         
 0418    17  18.792   0.722         
 0418   528  18.723   0.735   0.078
 0419    17  18.455   0.562         
 0419   528  18.345   0.727   0.142
 0420    17  18.866   0.737         
 0420   528  18.789   0.800   0.110
 0421    17  19.153   0.826         
 0421   528  19.267   0.806   0.125
 0422    17  18.008   0.992         
 0422   528  17.923   0.986   0.610
 0423    17  16.582   0.705         
 0423   528  16.554   0.710   0.193
 0424    17  15.495   0.285         
 0424   528  15.463   0.348   0.246
 0425    17  17.743   0.713         
 0425   528  17.711   0.760   0.147
 0426    17  18.424   0.794         
 0426   528  18.282   0.740   0.189
 0427    17  18.546   1.616         
 0427   528  18.494   1.538   1.243
 0428    17  18.512   0.666         
 0428   528  18.419   0.705   0.058
 0429    17  18.871   0.919         
 0429   528  18.801   0.842   0.299
 0430    17  19.299   0.774         
 0430   528  19.223   0.724   0.153
 0431    17  17.954   0.716         
 0431   528  17.839   0.739   0.155
 0432    17  14.855   0.953         
 0432   528  14.857   0.976   0.510
 0433    17  18.224   0.697         
 0433   528  18.123   0.703   0.155
 0435    17  19.720   0.717         
 0436    17  19.174   0.940         
 0437    17  18.177   0.559         
 0438    17  18.603   0.975         
 0438   528  18.492   1.039   0.490
 0439    17  18.063   0.638         
 0439   528  17.996   0.688   0.063
 0440    17  18.893   0.686         
 0440   528  18.843   0.685   0.050
 0441    17  17.677   0.596         
 0441   528  17.604   0.657   0.082
 0442    17  19.629   0.873         
 0443    17  18.980   0.837         
 0446    17  19.507   1.072         
 0446   528  19.440   0.921   0.297
 0447    17  19.648   1.530         
 0448    17  18.397   0.650         
 0448   528  18.284   0.754   0.196
 0449    17  20.176   0.818         
 0450    17  18.749   0.677         
 0451    17  17.754   0.640         
 0451   528  17.705   0.655   0.085
 0452    17  18.291   0.663         
 0452   528  18.236   0.693   0.102
 0453    17  17.789   0.729         
 0453   528  17.780   0.677   0.151
 0454    17  16.691   1.002         
 0455    17  18.074   0.670         
 0456    17  18.053   0.704         
 0457    17  19.770   0.705         
 0457   528  19.655   0.815   0.032
 0458    17  18.260   0.846         
 0459    17  18.389   0.786         
 0460    17  16.600   0.344         
 0461    17  17.798   0.880         
 0462    17  17.757   0.681         
 0464    17  18.484   0.821         
 0465    17  17.493   0.671         
 0466    17  18.180   0.714         
 0468    17  17.483   0.613         
 0469    17  18.100   0.656         
 0471    17  17.512   0.888         
 0472    17  18.807   1.203         
 0473    17  17.354   0.631         
 0474    17  17.611   0.638         
 0475    17  19.453   0.858         
 0476    17  16.288   0.810         
 0477    17  19.988   0.853         
 0478    17  17.178   0.802         
 0480    17  11.795   1.802         
 0482    17  17.884   0.577         
 0483    17  18.833   0.600         
 0484    17  18.003   0.609         
 0485    17  19.326   0.725         
 0486    17  20.452   0.442         
 0487    17  18.717   1.498         
 0488    17  18.148   0.671         
 0489    17  20.007   0.695         
 0490    17  19.189   0.683         
 0491    17  19.832   1.587         
 0492    17  18.601   0.722         
 0494    17  19.761   1.031         
 0495    17  19.501   0.819         
 0496    17  19.198   0.806         
 0497    17  17.972   0.572         
 0498    17  17.296   0.647         
 0499    17  18.357   0.686         
 0500    17  20.078   0.673         
 0501    17  17.332   0.823         
 0502    17  17.693   0.607         
 0503    17  18.025   0.605         
 0505    17  19.232   0.647         
 0506    17  18.916   0.732         
 0507    17  16.602   0.713         
 0510    17  17.995   0.730         
 0512    17  15.015   0.652         
 0513    17  17.251   0.722         
 0514    17  17.635   0.624         
 0515    17  17.696   0.651         
 0516    17  19.275   0.755         
 0517    17  17.056   0.817         
 0518    17  19.771   1.001         
 0519    17  18.835   0.779         
 0520    17  19.717   0.755         
 0521    17  17.222   0.872         
 0522    17  19.794   0.997         
 0523    17  18.818   0.822         
 0524    17  18.039   0.765         
 0525    17  19.774   0.872         
 0526    17  19.395   0.685         
 0527    17  18.848   0.617         
 0529    17  19.235   0.747         
 0530    17  17.431   1.037         
 0531    17  18.697   0.659         
 0533    17  19.453   0.872         
 0534    17  18.377   0.721         
 0535    17  18.849   0.729         
 0536    17  18.899   0.798         
 0537    17  17.286   1.036         
 0541    17  18.645   0.741         
 0547    17  18.149   0.644         
 0548    17  18.794   0.701         
 0549    17  19.219   0.725         
 0551    17  18.897   0.655         
 0552    17  18.152   0.748         
 0553    17  19.134   0.589         
 0554    17  20.093   0.782         
 0555    17  17.911   0.646         
 0556    17  19.566   0.885         
 0559    17  19.944   0.884         
 0560    17  19.196   0.784         
 0561    17  17.208   0.848         
 0563    17  15.978   1.124         
 0564    17  15.678   1.083         
 0565    17  15.179   0.627         
 0567    17  19.359   0.776         
 0568    17  18.402   0.576         
 0570    17  17.070   0.757         
 0571    17  19.518   0.651         
 0572    17  18.500   0.720         
 0573    17  19.722   0.873         
 0574    17  19.163   1.032         
 0575    17  18.467   1.289         
 0578    17  17.772   1.149         
 0580    17  18.648   0.549         
 0582    17  19.354   0.943         
 0584    17  17.288   0.879         
 0585    17  18.950   0.880         
 0586    17  19.246   0.640         
 0586    17  19.249   0.551         
 0589    17  17.697   0.720         
 0590    17  17.688   0.776         
 0591    17  14.856   0.768         
 0592    17  19.468   0.699         
 0593    17  19.803   0.494         
 0595    17  18.374   0.640         
 0597    17  18.237   0.619         
 0598    17  17.413   0.761         
 0599    17  19.195   0.865         
 0600    17  19.016   1.145         
 0601    17  17.987   0.601         
 0602    17  17.724   1.198         
 0603    17  15.028   0.710         
 0604    17  17.545   0.691         
 0606    17  19.027   0.612         
 1000   528  13.120   1.638   2.082
 1001   528  14.898   0.529   0.063
 1002   528  15.710   0.559  -0.005
 1003   528  16.524   0.643   0.100
 1004   528  16.523   0.344   0.237
 1005   528  16.701   0.709   0.141
 1006   528  16.814   0.625   0.098
 1007   528  16.906   0.499   0.136
 1008   528  16.923   0.675   0.075
 1009   528  17.317   0.604   0.110
 1010   528  17.350   0.908   0.564
 1011   528  17.538   0.707   0.280
 1012   528  17.416   1.042  -0.118
 1013   528  17.879   0.736   0.193
 1014   528  18.014   0.592   0.022
 1015   528  18.009   0.654   0.070
 1016   528  18.075   0.451   0.046
 1017   528  18.096   0.595   0.074
 1018   528  18.317   0.610   0.052
 1019   528  18.336   0.592   0.054
 1020   528  18.428   0.573   0.164
 1021   528  18.433   0.741   0.088
 1022   528  18.577   0.731   0.179
 1023   528  18.725   0.697   0.097
 1024   528  18.762   0.714   0.136
 1025   528  18.781   0.816   0.276
 1026   528  18.899   0.724   0.164
 1027   528  18.948   0.735   0.131
 1028   528  18.951   0.759   0.094
 1029   528  19.789   0.829   0.452
 1030   528  19.996   0.854   0.338
 1031   528  20.007   0.925   0.400
 1032   528  20.155   0.871   0.121
 1033   528  20.210   0.902   0.451
 1034   528  20.340   1.110   0.165


